2 401 289 5
-344 243 0
-283 240 0
-316 207 0
-249 220 0
-313 218 0
-224 179 0
-305 232 0
-329 184 0
-275 199 0
-274 202 0
-277 171 0
-226 194 0
-226 194 0
-224 252 0
-203 217 0
-265 254 0
312 230 1
351 214 1
281 238 1
363 186 1
331 231 1
323 243 1
313 164 1
311 194 1
315 194 1
347 168 1
268 222 1
328 206 1
328 206 1
323 -239 2
394 -176 2
311 -231 2
391 -225 2
286 -187 2
370 -211 2
334 -181 2
350 -210 2
371 -239 2
299 -203 2
385 -273 2
325 -239 2
337 -235 2
337 -235 2
354 -205 2
-322 -201 3
-282 -176 3
-318 -173 3
-216 -221 3
-235 -130 3
-294 -178 3
-214 -233 3
-214 -164 3
-255 -210 3
-267 -223 3
-293 -213 3
-238 -227 3
-229 -214 3
-264 -177 3
-264 -177 3
-252 -174 3
-229 -200 3
-219 -194 3
-266 -154 3
-207 -205 3
-270 105 4
-185 152 4
-158 217 4
-149 229 4
185 251 4
248 194 4
331 103 4
354 90 4
356 -79 4
288 -151 4
258 -183 4
247 -190 4
183 -226 4
34 -202 4
-118 -223 4
-190 -119 4
-213 -95 4
-221 -95 4
-276 -62 4
-65 -17 4
76 -52 4
-133 -109 4
51 -16 4
150 48 4
155 63 4
-52 77 4
